bler = [-4.000000,1.000000e+00,
-3.800000,1.000000e+00,
-3.600000,1.000000e+00,
-3.400000,9.345794e-01,
-3.200000,6.944444e-01,
-3.000000,4.784689e-01,
-2.800000,2.057613e-01,
-2.600000,4.662005e-02,
-2.400000,7.195280e-03,
