dl0_llr = [1520
-7546
60
1762
-1492
100
58
60
-360
4168
-52
380
2024
-1498
-50
58
-1718
-54
-52
-74
7546
-362
1754
-50
270
64
-50
-78
2028
-56
-52
-190
7582
54
1776
-358
198
2024
58
-48
4148
-54
368
-188
-194
-2020
58
-56
1744
86
-46
58
-2024
-1756
-52
-54
-188
-362
58
-48
-1226
-60
60
-184
532
174
-100
110
114
112
-180
-382
-162
-110
118
-542
110
-2454
-524
116
-266
-76
-52
60
8148
-1500
2032
60
60
-260
-82
-50
270
54
-54
-370
2022
7556
-50
1760
8196
366
2056
-50
7360
62
1738
-198
-52
-2028
-260
-56
-1224
-54
58
-266
4154
-1516
376
56
58
-1726
-82
-50
-362
-254
-50
-50
-4156
-8152
376
2034
8144
-8190
2032
2054
-52
-1490
-84
54
-92
-186
62
62
-1234
-58
60
-188
200
372
60
-52
-52
-1504
-370
58
-1510
-2008
56
-50
64
1534
-92
52
372
-8162
-50
2040
8138
-190
2026
58
-2020
64
-56
-194
62
-54
-196
-80
60
4172
-372
380
-7542
-52
1754
-380
7574
1518
1772
58
-184
56
52
-92
-186
60
58
-92
-3684
-188
272
64
-4158
8174
378
2046
-58
1238
-188
60
-1500
7578
60
1774
-56
-366
-260
-54
-1742
-1222
-52
64
7570
56
1768
-372
54
1512
-364
54
2030
262
-52
-50
-48
268
-370
-54
-50
268
-374
-52
1758
52
-50
-366
1238
58
58
-272
1768
-368
-54
-52
94
62
60
-192
-7388
-188
1746
64
62
-54
-192
-84
-258
378
-54
-52
-54
1248
-274
54
-1502
-8118
60
2018
1768
1242
-52
60
-1494
1244
62
62
2044
266
-50
-52
-4178
-358
384
-50
-1772
-1220
-56
60
1496
-7584
62
1782
-76
1748
58
-52
-2020
-254
-54
-52
-2032
-7536
-52
1756
260
-2016
-48
-50
-364
4206
-54
388
8134
-8138
2024
2028
-52
-56
-372
-190
-56
56
-186
-370
66
-52
-192
-376
-366
-7524
-52
1748
-358
62
-52
-196
-52
1758
-372
-52
-54
-2024
-188
-54
8170
-58
2042
-184
60
2028
-260
-52
-366
-7524
-52
1748
92
60
60
-270
-56
-366
-260
-54
62
4148
-194
372
-2040
1526
-56
58
-368
-252
-52
-50
1516
8178
60
2046
-56
-54
-76
-264
-264
-1222
-50
56
-8140
8196
2032
2056
-8170
206
2042
56
3722
56
266
-364
-48
-54
-370
-184
-50
3722
-376
264
-7528
380
1750
-52
-2040
58
-56
-260
2024
-1498
-50
58
-266
-76
-52
60
58
1520
-90
56
-1726
-80
-52
60
-4172
1530
380
60
-258
2048
-52
-54
66
-52
-192
-376
2024
-58
-52
-186
-58
90
-184
60
2024
-192
-50
56
-1756
384
-58
-52
380
-190
-52
62
-58
1238
-188
60
-374
-3702
-54
262
-1494
1254
58
56
66
4162
-190
374
60
4172
-372
380
-1242
-52
58
-184
-4126
202
366
58
370
-56
-52
-260
-8210
58
2062
-362
58
-58
-264
-72
-1516
94
56
64
-48
-54
-370
-184
-1520
3748
56
274
-50
86
-270
62
364
-8140
-46
2028
-1492
58
56
-92
96
202
68
62
66
2036
-194
-54
198
382
66
-54
4144
4172
374
380
4134
-4148
370
372
268
60
-50
-82
1234
56
64
-204
372
264
-50
-52
4140
376
370
-52
64
-56
-190
-78
82
58
68
-268
2032
264
-48
-50
244
62
-36
-80
-2564
-112
88
-558
2832
-2330
166
124
472
-128
62
-176
-444
716
-74
-116
2144
7464
-72
1724
8302
2004
2108
-50
-174
-2070
72
-52
1558
354
52
-50
1292
-1820
44
-56
-1472
-8182
64
2050
-8062
-384
1992
-52
4204
-4212
388
394
44
-266
-350
-52
-1198
1752
60
-48
7450
178
1770
66
50
182
-104
58
-180
58
68
-380
98
64
56
-284
56
4116
-198
362
-1216
-202
66
58
-498
-170
-90
114
96
124
-716
-360
102
116
-720
-544
-502
-2522
-94
104
200
-44
48
-346
7624
1486
1800
66
108
186
58
66
50
4096
-196
352
50
360
-246
-50
-58
62
-282
-80
-3702
-1530
264
58
-254
-1246
-46
58
54
-1264
-194
56
-2028
-7588
-52
1780
378
-1532
-54
54
-7518
2010
1742
-50
-56
-50
-378
-256
4188
-8214
384
2066
382
-1534
-58
56
200
352
52
-46
4224
1996
394
-48
4162
-1540
376
56
50
-1778
-360
-54
-60
-8198
-386
2056
1524
-1254
56
56
50
-1246
-256
56
-56
-2048
-272
-54
-8084
62
2000
-384
52
-1780
-366
-54
52
-272
-362
-56
2042
254
-56
-48
3730
186
288
64
-74
1714
64
-50
-7540
2008
1754
-46
54
62
-100
-184
7398
190
1750
66
54
-1264
-194
56
380
7512
-56
1742
52
-50
-248
-364
50
1996
-246
-50
-1482
3710
66
270
88
-272
56
-52
-60
80
-282
66
-8108
62
2012
-188
-1488
7540
66
1758
62
2016
-196
-52
-260
-82
-48
56
-56
56
-186
-370
56
4136
-364
368
4188
4160
384
376
-362
-3724
-48
264
8194
8146
2054
2034
-86
-1512
62
60
-3710
-1508
266
60
56
-1238
-260
58
-58
1230
-178
60
8190
-4172
2054
380
200
4108
56
358
378
-50
-58
-256
-58
90
-176
62
-7528
2024
1746
-48
-3704
-1520
266
60
58
370
-194
-52
-4138
200
372
62
54
-1752
-84
-56
-1494
58
62
-374
376
-8180
-50
2048
-60
-4176
-182
380
1260
66
54
-178
1518
2018
56
-50
-256
-1238
-46
54
-62
-200
-78
56
1266
60
54
-276
4180
2004
380
-46
3768
1480
286
64
-1500
7532
64
1754
380
-4168
-50
378
50
56
-352
-264
-56
-4170
-376
382
-1990
192
-46
58
-358
4148
-48
372
7410
60
1758
-190
1534
8108
52
2012
-256
-1238
-46
54
3728
-382
268
-54
-3686
-202
266
60
56
-86
-268
60
-356
62
-46
-264
-1488
60
60
-86
194
-94
58
58
-352
1496
-44
56
-76
1714
60
-46
-1496
-2032
58
-52
1514
2000
54
-44
-1226
-204
66
60
-3668
372
248
-48
382
7536
-52
1754
-52
1722
-72
-48
-60
-196
-84
60
-54
-54
-376
-190
-62
62
-184
-82
-8114
58
2014
-378
50
-272
-370
-56
8194
-4192
2054
388
58
1486
-96
58
54
62
-362
-184
1516
-1256
58
58
378
-52
-58
-200
-3684
-196
266
58
376
-1498
-50
58
-7518
368
1740
-48
202
-7388
62
1754
1766
-2040
-52
-54
4182
8166
382
2038
54
-3736
-362
272
-3660
-58
260
-188
92
58
58
-272
-54
-50
-376
-260
-248
-56
-46
-74
58
8154
-200
2032
54
-266
-370
-54
378
-8158
-50
2036
264
52
-48
-370
-256
-56
-50
-74
372
-192
-50
58
8202
8120
2058
2018
56
-1236
-264
58
-2018
-3714
-50
262
4202
8170
388
2046
1512
2028
56
-48
372
-192
-50
58
1532
4158
56
374
56
-54
-258
-378
368
-190
-48
58
-1732
2038
-52
-56
2032
-8150
-50
2034
4176
2034
382
-52
-1740
2030
-52
-52
-2028
56
-56
-258
-48
262
-370
-52
4178
2016
380
-50
58
-7380
-196
1748
-1752
374
-54
-54
88
-1742
58
-48
-368
198
-52
62
274
84
-50
58
-1726
-84
-50
58
1508
-90
62
62
3750
56
274
-374
58
4168
-194
376
100
66
60
-190
-1504
96
60
62
58
-1228
-272
58
62
-58
-266
-82
3718
-2018
262
-50
-264
-1222
-50
56
-360
1520
-48
56
-78
272
58
-50
-1516
-4128
56
368
100
194
60
60
2040
-56
-56
-190
-194
-8138
58
2028
56
-54
-258
-378
4162
-188
378
64
60
58
-374
-264
-1226
-60
60
-184
8174
-56
2044
-188
-54
-58
-78
-184
2040
-4146
-48
370
-54
264
-70
-52
-192
96
58
62
200
-90
64
64
-1502
7604
58
1788
60
-1726
-80
-54
-1498
58
58
-366
-258
378
-54
-52
-48
-52
-372
-260
8190
372
2050
-48
-52
1730
-70
-48
-262
-1218
-50
60
-1730
376
-52
-54
4158
374
376
-50
4160
-8142
380
2030
-1244
-56
56
-180
2052
3728
-52
268
-1498
3740
62
278
-56
-8140
-184
2028
56
-7536
-372
1754
-190
-8132
56
2024
8164
370
2040
-50
-1230
-54
58
-180
1516
-7568
58
1772
-110
540
-164
-108
-102
-380
-172
110
-3014
2492
110
114
-528
-2424
-108
122
-1498
58
58
-366
-1728
-52
-52
-74
8164
370
2040
-50
58
1520
-90
56
7360
62
1738
-198
62
-7328
-198
1720
56
4176
-366
380
7362
62
1732
-190
88
56
64
-270
-48
-1482
-370
58
-266
-76
-52
60
58
-7546
-376
1760
3734
-362
266
-48
8190
2020
2050
-48
-1744
382
-54
-56
-196
-8118
54
2018
-48
-360
-258
-50
-78
1738
56
-48
64
-56
-190
-86
-1502
-360
58
-50
7360
62
1738
-198
8148
-52
2032
-380
-50
-182
-82
58
-1244
-62
56
-174
196
384
62
-50
198
-94
64
60
58
8158
-366
2034
1236
202
64
62
62
-1732
-382
-52
-2028
1538
-56
56
64
-3668
-190
266
-376
208
-56
58
-2060
56
-60
-250
8122
-54
2016
-380
-384
218
-64
56
-1328
-62
32
-146
-7200
-204
1660
64
1876
56
-74
-404
46
-50
-210
-350
4256
4094
404
354
7678
1476
1826
62
-234
-58
-40
-78
-180
7316
70
1704
2072
250
-62
-46
52
-1792
-92
-58
-1458
3686
74
268
-60
58
-280
-388
2060
-54
-60
-198
54
58
-92
-272
-1202
-52
66
-200
-7530
-1534
1748
56
8186
-54
2050
-200
-64
-8218
-188
2066
1756
78
-54
60
-64
1212
-180
66
288
1200
-56
60
200
-48
56
-356
-58
-194
-80
56
-60
80
-182
64
2044
-56
-60
-202
-246
-54
-44
-74
-7332
-200
1724
64
1522
-3782
58
288
-60
-4194
-184
386
-360
1486
-48
62
-62
258
-70
-48
-7524
-50
1742
-364
-194
-8188
66
2052
204
-56
52
-90
-1996
8112
-44
2014
-2006
4104
-46
358
-86
-1514
62
58
-2004
62
-50
-188
1520
-50
56
-356
3726
62
284
-186
-1712
-84
-46
58
-8128
-8182
2024
2052
52
-50
-248
-364
-1718
366
-48
-50
-360
8144
-48
2028
376
-1520
-50
56
-76
-56
64
-190
4178
-1528
382
60
4194
-1512
386
60
4160
-4184
376
384
1258
1490
58
62
4194
-1512
386
60
-190
-374
62
-52
58
-92
-190
58
1256
1500
56
60
266
-376
-54
-56
7398
190
1750
66
-4126
-380
366
-52
